/*********************************************
 //DONNÉES POUR GÉNÉRER LE SWEEP DE FRÉQUENCE ENVOYÉ AU PIEZO ÉMETTEUR 
*********************************************/

#ifndef SWEEP2040KHZ_H_
#define SWEEP2040KHZ_H_

//  Sweep de fréquence de 20 kHz à 40 kHz de 960
// Les données seront parcourues une fois de haut->bas puis elle seront
// reparcourues de bas->haut pour générer le signal complet
short SweepSamples[960] =
{
     10000,
     2582,
     -8674,
     -7028,
     5094,
     9614,
     -245,
     -9740,
     -4617,
     7451,
     8300,
     -3375,
     -9952,
     -1461,
     9249,
     5908,
     -6428,
     -8966,
     2191,
     9999,
     2483,
     -8848,
     -6573,
     5830,
     9239,
     -1636,
     -9980,
     -2844,
     8714,
     6711,
     -5758,
     -9236,
     1736,
     9991,
     2562,
     -8898,
     -6344,
     6222,
     8957,
     -2489,
     -9990,
     -1622,
     9330,
     5413,
     -7148,
     -8280,
     3852,
     9807,
     0,
     -9809,
     -3802,
     8349,
     6994,
     -5697,
     -9142,
     2277,
     9990,
     1407,
     -9478,
     -4852,
     7730,
     7621,
     -5024,
     -9395,
     1736,
     10000,
     1710,
     -9418,
     -4905,
     7769,
     7500,
     -5286,
     -9239,
     2277,
     9977,
     919,
     -9687,
     -3971,
     8449,
     6588,
     -6428,
     -8546,
     3852,
     9699,
     -980,
     -9988,
     -1924,
     9436,
     4617,
     -8132,
     -6895,
     6222,
     8605,
     -3883,
     -9652,
     1312,
     10000,
     1299,
     -9666,
     -3770,
     8714,
     5952,
     -7242,
     -7726,
     5373,
     9013,
     -3240,
     -9773,
     980,
     9999,
     1278,
     -9715,
     -3420,
     8972,
     5350,
     -7837,
     -6994,
     6391,
     8300,
     -4720,
     -9239,
     2909,
     9802,
     -1041,
     -9999,
     -810,
     9853,
     2582,
     -9397,
     -4220,
     8674,
     5685,
     -7730,
     -6950,
     6614,
     7995,
     -5373,
     -8816,
     4052,
     9413,
     -2693,
     -9796,
     1332,
     9978,
     0,
     -9979,
     -1278,
     9820,
     2483,
     -9523,
     -3599,
     9111,
     4617,
     -8609,
     -5533,
     8036,
     6344,
     -7414,
     -7052,
     6761,
     7660,
     -6093,
     -8176,
     5425,
     8605,
     -4768,
     -8957,
     4133,
     9239,
     -3529,
     -9461,
     2962,
     9630,
     -2436,
     -9757,
     1958,
     9848,
     -1528,
     -9911,
     1150,
     9952,
     -824,
     -9977,
     552,
     9990,
     -334,
     -9997,
     170,
     9999,
     -61,
     -10000,
     7,
     10000,
     -7,
     -10000,
     61,
     9999,
     -170,
     -9997,
     334,
     9990,
     -552,
     -9977,
     824,
     9952,
     -1150,
     -9911,
     1528,
     9848,
     -1958,
     -9757,
     2436,
     9630,
     -2962,
     -9461,
     3529,
     9239,
     -4133,
     -8957,
     4768,
     8605,
     -5425,
     -8176,
     6093,
     7660,
     -6761,
     -7052,
     7414,
     6344,
     -8036,
     -5533,
     8609,
     4617,
     -9111,
     -3599,
     9523,
     2483,
     -9820,
     -1278,
     9979,
     0,
     -9978,
     1332,
     9796,
     -2693,
     -9413,
     4052,
     8816,
     -5373,
     -7995,
     6614,
     6950,
     -7730,
     -5685,
     8674,
     4220,
     -9397,
     -2582,
     9853,
     810,
     -9999,
     1041,
     9802,
     -2909,
     -9239,
     4720,
     8300,
     -6391,
     -6994,
     7837,
     5350,
     -8972,
     -3420,
     9715,
     1278,
     -9999,
     980,
     9773,
     -3240,
     -9013,
     5373,
     7726,
     -7242,
     -5952,
     8714,
     3770,
     -9666,
     -1299,
     10000,
     -1312,
     -9652,
     3883,
     8605,
     -6222,
     -6895,
     8132,
     4617,
     -9436,
     -1924,
     9988,
     -980,
     -9699,
     3852,
     8546,
     -6428,
     -6588,
     8449,
     3971,
     -9687,
     -919,
     9977,
     -2277,
     -9239,
     5286,
     7500,
     -7769,
     -4905,
     9418,
     1710,
     -10000,
     1736,
     9395,
     -5024,
     -7621,
     7730,
     4852,
     -9478,
     -1407,
     9990,
     -2277,
     -9142,
     5697,
     6994,
     -8349,
     -3802,
     9809,
     0,
     -9807,
     3852,
     8280,
     -7148,
     -5413,
     9330,
     1622,
     -9990,
     2489,
     8957,
     -6222,
     -6344,
     8898,
     2562,
     -9991,
     1736,
     9236,
     -5758,
     -6711,
     8714,
     2844,
     -9980,
     1636,
     9239,
     -5830,
     -6573,
     8848,
     2483,
     -9999,
     2191,
     8966,
     -6428,
     -5908,
     9249,
     1461,
     -9952,
     3375,
     8300,
     -7451,
     -4617,
     9740,
     -245,
     -9614,
     5094,
     7028,
     -8674,
     -2582,
     10000,
     -2595,
     -8647,
     7114,
     4905,
     -9702,
     245,
     9567,
     -5373,
     -6670,
     8981,
     1783,
     -9952,
     3681,
     7917,
     -8068,
     -3420,
     9979,
     -2191,
     -8738,
     7148,
     4660,
     -9813,
     987,
     9239,
     -6349,
     -5533,
     9587,
     -109,
     -9519,
     5758,
     6082,
     -9397,
     -429,
     9652,
     -5425,
     -6344,
     9303,
     627,
     -9685,
     5373,
     6339,
     -9330,
     -484,
     9630,
     -5607,
     -6066,
     9471,
     0,
     -9467,
     6109,
     5505,
     -9687,
     824,
     9142,
     -6841,
     -4617,
     9901,
     -1978,
     -8574,
     7730,
     3362,
     -10000,
     3427,
     7660,
     -8664,
     -1710,
     9837,
     -5094,
     -6296,
     9478,
     -334,
     -9239,
     6841,
     4398,
     -9958,
     2693,
     8028,
     -8449,
     -1944,
     9848,
     -5194,
     -6066,
     9617,
     -980,
     -8892,
     7536,
     3311,
     -9990,
     4133,
     6895,
     -9303,
     109,
     9215,
     -7090,
     -3821,
     10000,
     -3833,
     -7052,
     9262,
     -109,
     -9172,
     7242,
     3516,
     -9990,
     4331,
     6573,
     -9523,
     980,
     8738,
     -7950,
     -2370,
     9848,
     -5561,
     -5350,
     9893,
     -2693,
     -7691,
     8981,
     320,
     -9239,
     7303,
     3189,
     -9946,
     5094,
     5685,
     -9853,
     2595,
     7660,
     -9066,
     27,
     9037,
     -7730,
     -2423,
     9802,
     -6006,
     -4617,
     9995,
     -4052,
     -6464,
     9687,
     -2011,
     -7917,
     8972,
     -0,
     -8966,
     7950,
     1891,
     -9630,
     6721,
     3599,
     -9951,
     5373,
     5088,
     -9980,
     3984,
     6344,
     -9776,
     2615,
     7368,
     -9397,
     1312,
     8176,
     -8898,
     109,
     8790,
     -8330,
     -973,
     9239,
     -7734,
     -1924,
     9551,
     -7148,
     -2739,
     9757,
     -6599,
     -3420,
     9883,
     -6109,
     -3971,
     9952,
     -5697,
     -4398,
     9985,
     -5373,
     -4708,
     9997,
     -5147,
     -4905,
     10000,
     -5024,
     -4994,
     10000,
     -5006,
     -4976,
     10000,
     -5094,
     -4852,
     9997,
     -5286,
     -4617,
     9985,
     -5578,
     -4269,
     9952,
     -5962,
     -3802,
     9883,
     -6428,
     -3208,
     9757,
     -6959,
     -2483,
     9551,
     -7536,
     -1622,
     9239,
     -8132,
     -627,
     8790,
     -8714,
     497,
     8176,
     -9241,
     1736,
     7368,
     -9666,
     3066,
     6344,
     -9935,
     4447,
     5088,
     -9990,
     5830,
     3599,
     -9773,
     7148,
     1891,
     -9228,
     8318,
     0,
     -8311,
     9249,
     -2011,
     -6994,
     9840,
     -4052,
     -5275,
     9990,
     -6006,
     -3189,
     9614,
     -7730,
     -810,
     8647,
     -9066,
     1736,
     7066,
     -9853,
     4282,
     4905,
     -9946,
     6614,
     2264,
     -9239,
     8496,
     -681,
     -7691,
     9687,
     -3681,
     -5350,
     9978,
     -6428,
     -2370,
     9228,
     -8581,
     980,
     7405,
     -9813,
     4331,
     4617,
     -9865,
     7242,
     1136,
     -8605,
     9262,
     -2615,
     -6082,
     10000,
     -6093,
     -2562,
     9215,
     -8714,
     1474,
     6895,
     -9953,
     5373,
     3311,
     -9461,
     8408,
     -980,
     -7181,
     9918,
     -5194,
     -3420,
     9467,
     -8449,
     1150,
     6994,
     -9958,
     5578,
     2896,
     -9239,
     8822,
     -1978,
     -6296,
     9999,
     -6475,
     -1710,
     8657,
     -9397,
     3427,
     4976,
     -9837,
     7730,
     -170,
     -7500,
     9901,
     -5373,
     -2896,
     9142,
     -9043,
     2693,
     5505,
     -9911,
     7523,
     -0,
     -7514,
     9918,
     -5607,
     -2483,
     8892,
     -9330,
     3529,
     4617,
     -9685,
     8330,
     -1474,
     -6344,
     9988,
     -7090,
     -429,
     7660,
     -9915,
     5758,
     2104,
     -8605,
     9587,
     -4447,
     -3516,
     9239,
     -9111,
     3240,
     4660,
     -9630,
     8581,
     -2191,
     -5550,
     9848,
     -8068,
     1332,
     6211,
     -9952,
     7630,
     -681,
     -6670,
     9990,
     -7303,
     245,
     6950,
     -9999,
     7114,
     -27,
     -7066,
     10000,
     -7076,
     27,
     7028,
     -9999,
     7191,
     -245,
     -6831,
     9990,
     -7451,
     681,
     6464,
     -9952,
     7837,
     -1332,
     -5908,
     9848,
     -8318,
     2191,
     5135,
     -9630,
     8848,
     -3240,
     -4121,
     9239,
     -9361,
     4447,
     2844,
     -8605,
     9776,
     -5758,
     -1299,
     7660,
     -9991,
     7090,
     -497,
     -6344,
     9891,
     -8330,
     2489,
     4617,
     -9357,
     9330,
     -4575,
     -2483,
     8280,
     -9918,
     6599,
     0,
     -6588,
     9911,
     -8349,
     2693,
     4269,
     -9142,
     9571,
     -5373,
     -1407,
     7500,
     -9999,
     7730,
     -1797,
     -4976,
     9395,
     -9397,
     5006,
     1710,
     -7621,
     9999,
     -7769,
     1978,
     4708,
     -9239,
     9571,
     -5578,
     -919,
     6994,
     -9934,
     8449,
     -3221,
     -3420,
     8546,
     -9918,
     6959,
     -980,
     -5413,
     9461,
     -9436,
     5373,
     973,
     -6895,
     9891,
     -8714,
     3883,
     2562,
     -7929,
     10000,
     -7938,
     2615,
     3770,
     -8605,
     9935,
     -7242,
     1636,
     4617,
     -9013,
     9813,
     -6721,
     980,
     5135,
     -9228,
     9715,
     -6428,
     661,
     5350,
     -9298,
     9687,
     -6391,
     681,
     5275,
     -9239,
     9740,
     -6614,
     1041,
     4905,
     -9037,
     9853,
     -7076,
     1736,
     4220,
     -8647,
     9967,
     -7730,
     2752,
     3189,
     -7995,
     9990,
     -8496,
     4052,
     1783,
     -6994,
     9796,
     -9249,
     5561,
     -0,
     -5550,
     9228,
     -9820,
     7148,
     -2118,
     -3599,
     8124,
     -9990,
     8609,
     -4447,
     -1136,
     6344,
     -9519,
     9666,
     -6761,
     1736,
     3821,
     -8176,
     9988,
     -8714,
     4768,
     627,
     -5819,
     9239,
     -9868,
     7536,
     -2962,
     -2483,
     7181,
     -9757,
     9471,
     -6428,
     1528,
     3802,
     -8028,
     9952,
     -9043,
     5578,
     -552,
     -4617,
     8488,
     -9997,
     8744,
     -5094,
     61,
     4976,
     -8657
};

#endif /* SWEEP2040KHZ_H */